stage,neural,notochord
  7-9,4.43,6.48
